5 0 0
4.99013 0.188372 0.188372
4.96057 0.376 0.376
4.91144 0.562144 0.562144
4.84292 0.74607 0.74607
4.75528 0.927051 0.927051
4.64888 1.10437 1.10437
4.52414 1.27734 1.27734
4.38153 1.44526 1.44526
4.22164 1.60748 1.60748
4.04508 1.76336 1.76336
3.85257 1.91227 1.91227
3.64484 2.05364 2.05364
3.42274 2.18691 2.18691
3.18712 2.31154 2.31154
2.93893 2.42705 2.42705
2.67913 2.53298 2.53298
2.40877 2.62892 2.62892
2.1289 2.71448 2.71448
1.84062 2.78933 2.78933
1.54508 2.85317 2.85317
1.24345 2.90575 2.90575
0.936907 2.94686 2.94686
0.626666 2.97634 2.97634
0.313953 2.99408 2.99408
3.06162e-16 3 3
-0.313953 2.99408 2.99408
-0.626666 2.97634 2.97634
-0.936907 2.94686 2.94686
-1.24345 2.90575 2.90575
-1.54508 2.85317 2.85317
-1.84062 2.78933 2.78933
-2.1289 2.71448 2.71448
-2.40877 2.62892 2.62892
-2.67913 2.53298 2.53298
-2.93893 2.42705 2.42705
-3.18712 2.31154 2.31154
-3.42274 2.18691 2.18691
-3.64484 2.05364 2.05364
-3.85257 1.91227 1.91227
-4.04508 1.76336 1.76336
-4.22164 1.60748 1.60748
-4.38153 1.44526 1.44526
-4.52414 1.27734 1.27734
-4.64888 1.10437 1.10437
-4.75528 0.927051 0.927051
-4.84292 0.74607 0.74607
-4.91144 0.562144 0.562144
-4.96057 0.376 0.376
-4.99013 0.188372 0.188372
-5 3.67394e-16 3.67394e-16
-4.99013 -0.188372 -0.188372
-4.96057 -0.376 -0.376
-4.91144 -0.562144 -0.562144
-4.84292 -0.74607 -0.74607
-4.75528 -0.927051 -0.927051
-4.64888 -1.10437 -1.10437
-4.52414 -1.27734 -1.27734
-4.38153 -1.44526 -1.44526
-4.22164 -1.60748 -1.60748
-4.04508 -1.76336 -1.76336
-3.85257 -1.91227 -1.91227
-3.64484 -2.05364 -2.05364
-3.42274 -2.18691 -2.18691
-3.18712 -2.31154 -2.31154
-2.93893 -2.42705 -2.42705
-2.67913 -2.53298 -2.53298
-2.40877 -2.62892 -2.62892
-2.1289 -2.71448 -2.71448
-1.84062 -2.78933 -2.78933
-1.54508 -2.85317 -2.85317
-1.24345 -2.90575 -2.90575
-0.936907 -2.94686 -2.94686
-0.626666 -2.97634 -2.97634
-0.313953 -2.99408 -2.99408
-9.18485e-16 -3 -3
0.313953 -2.99408 -2.99408
0.626666 -2.97634 -2.97634
0.936907 -2.94686 -2.94686
1.24345 -2.90575 -2.90575
1.54508 -2.85317 -2.85317
1.84062 -2.78933 -2.78933
2.1289 -2.71448 -2.71448
2.40877 -2.62892 -2.62892
2.67913 -2.53298 -2.53298
2.93893 -2.42705 -2.42705
3.18712 -2.31154 -2.31154
3.42274 -2.18691 -2.18691
3.64484 -2.05364 -2.05364
3.85257 -1.91227 -1.91227
4.04508 -1.76336 -1.76336
4.22164 -1.60748 -1.60748
4.38153 -1.44526 -1.44526
4.52414 -1.27734 -1.27734
4.64888 -1.10437 -1.10437
4.75528 -0.927051 -0.927051
4.84292 -0.74607 -0.74607
4.91144 -0.562144 -0.562144
4.96057 -0.376 -0.376
4.99013 -0.188372 -0.188372
