6 0 0
5.98816 0.251162 0.627905
5.95269 0.501333 1.25333
5.89372 0.749525 1.87381
5.8115 0.99476 2.4869
5.70634 1.23607 3.09017
5.57866 1.4725 3.68125
5.42896 1.70312 4.25779
5.25784 1.92701 4.81754
5.06597 2.14331 5.35827
4.8541 2.35114 5.87785
4.62308 2.5497 6.37424
4.37381 2.73819 6.84547
4.10728 2.91587 7.28969
3.82454 3.08205 7.70513
3.52671 3.23607 8.09017
3.21496 3.37731 8.44328
2.89052 3.50523 8.76307
2.55468 3.61931 9.04827
2.20875 3.71911 9.29776
1.8541 3.80423 9.51057
1.49214 3.87433 9.68583
1.12429 3.92915 9.82287
0.751999 3.96846 9.92115
0.376743 3.99211 9.98027
3.67394e-16 4 10
-0.376743 3.99211 9.98027
-0.751999 3.96846 9.92115
-1.12429 3.92915 9.82287
-1.49214 3.87433 9.68583
-1.8541 3.80423 9.51057
-2.20875 3.71911 9.29776
-2.55468 3.61931 9.04827
-2.89052 3.50523 8.76307
-3.21496 3.37731 8.44328
-3.52671 3.23607 8.09017
-3.82454 3.08205 7.70513
-4.10728 2.91587 7.28969
-4.37381 2.73819 6.84547
-4.62308 2.5497 6.37424
-4.8541 2.35114 5.87785
-5.06597 2.14331 5.35827
-5.25784 1.92701 4.81754
-5.42896 1.70312 4.25779
-5.57866 1.4725 3.68125
-5.70634 1.23607 3.09017
-5.8115 0.99476 2.4869
-5.89372 0.749525 1.87381
-5.95269 0.501333 1.25333
-5.98816 0.251162 0.627905
-6 4.89859e-16 1.22465e-15
-5.98816 -0.251162 -0.627905
-5.95269 -0.501333 -1.25333
-5.89372 -0.749525 -1.87381
-5.8115 -0.99476 -2.4869
-5.70634 -1.23607 -3.09017
-5.57866 -1.4725 -3.68125
-5.42896 -1.70312 -4.25779
-5.25784 -1.92701 -4.81754
-5.06597 -2.14331 -5.35827
-4.8541 -2.35114 -5.87785
-4.62308 -2.5497 -6.37424
-4.37381 -2.73819 -6.84547
-4.10728 -2.91587 -7.28969
-3.82454 -3.08205 -7.70513
-3.52671 -3.23607 -8.09017
-3.21496 -3.37731 -8.44328
-2.89052 -3.50523 -8.76307
-2.55468 -3.61931 -9.04827
-2.20875 -3.71911 -9.29776
-1.8541 -3.80423 -9.51057
-1.49214 -3.87433 -9.68583
-1.12429 -3.92915 -9.82287
-0.751999 -3.96846 -9.92115
-0.376743 -3.99211 -9.98027
-1.10218e-15 -4 -10
0.376743 -3.99211 -9.98027
0.751999 -3.96846 -9.92115
1.12429 -3.92915 -9.82287
1.49214 -3.87433 -9.68583
1.8541 -3.80423 -9.51057
2.20875 -3.71911 -9.29776
2.55468 -3.61931 -9.04827
2.89052 -3.50523 -8.76307
3.21496 -3.37731 -8.44328
3.52671 -3.23607 -8.09017
3.82454 -3.08205 -7.70513
4.10728 -2.91587 -7.28969
4.37381 -2.73819 -6.84547
4.62308 -2.5497 -6.37424
4.8541 -2.35114 -5.87785
5.06597 -2.14331 -5.35827
5.25784 -1.92701 -4.81754
5.42896 -1.70312 -4.25779
5.57866 -1.4725 -3.68125
5.70634 -1.23607 -3.09017
5.8115 -0.99476 -2.4869
5.89372 -0.749525 -1.87381
5.95269 -0.501333 -1.25333
5.98816 -0.251162 -0.627905
