14 0 0
13.9724 0.627905 0.627905
13.8896 1.25333 1.25333
13.752 1.87381 1.87381
13.5602 2.4869 2.4869
13.3148 3.09017 3.09017
13.0169 3.68125 3.68125
12.6676 4.25779 4.25779
12.2683 4.81754 4.81754
11.8206 5.35827 5.35827
11.3262 5.87785 5.87785
10.7872 6.37424 6.37424
10.2056 6.84547 6.84547
9.58366 7.28969 7.28969
8.92394 7.70513 7.70513
8.22899 8.09017 8.09017
7.50158 8.44328 8.44328
6.74455 8.76307 8.76307
5.96091 9.04827 9.04827
5.15374 9.29776 9.29776
4.32624 9.51057 9.51057
3.48166 9.68583 9.68583
2.62334 9.82287 9.82287
1.75467 9.92115 9.92115
0.879067 9.98027 9.98027
8.57253e-16 10 10
-0.879067 9.98027 9.98027
-1.75467 9.92115 9.92115
-2.62334 9.82287 9.82287
-3.48166 9.68583 9.68583
-4.32624 9.51057 9.51057
-5.15374 9.29776 9.29776
-5.96091 9.04827 9.04827
-6.74455 8.76307 8.76307
-7.50158 8.44328 8.44328
-8.22899 8.09017 8.09017
-8.92394 7.70513 7.70513
-9.58366 7.28969 7.28969
-10.2056 6.84547 6.84547
-10.7872 6.37424 6.37424
-11.3262 5.87785 5.87785
-11.8206 5.35827 5.35827
-12.2683 4.81754 4.81754
-12.6676 4.25779 4.25779
-13.0169 3.68125 3.68125
-13.3148 3.09017 3.09017
-13.5602 2.4869 2.4869
-13.752 1.87381 1.87381
-13.8896 1.25333 1.25333
-13.9724 0.627905 0.627905
-14 1.22465e-15 1.22465e-15
-13.9724 -0.627905 -0.627905
-13.8896 -1.25333 -1.25333
-13.752 -1.87381 -1.87381
-13.5602 -2.4869 -2.4869
-13.3148 -3.09017 -3.09017
-13.0169 -3.68125 -3.68125
-12.6676 -4.25779 -4.25779
-12.2683 -4.81754 -4.81754
-11.8206 -5.35827 -5.35827
-11.3262 -5.87785 -5.87785
-10.7872 -6.37424 -6.37424
-10.2056 -6.84547 -6.84547
-9.58366 -7.28969 -7.28969
-8.92394 -7.70513 -7.70513
-8.22899 -8.09017 -8.09017
-7.50158 -8.44328 -8.44328
-6.74455 -8.76307 -8.76307
-5.96091 -9.04827 -9.04827
-5.15374 -9.29776 -9.29776
-4.32624 -9.51057 -9.51057
-3.48166 -9.68583 -9.68583
-2.62334 -9.82287 -9.82287
-1.75467 -9.92115 -9.92115
-0.879067 -9.98027 -9.98027
-2.57176e-15 -10 -10
0.879067 -9.98027 -9.98027
1.75467 -9.92115 -9.92115
2.62334 -9.82287 -9.82287
3.48166 -9.68583 -9.68583
4.32624 -9.51057 -9.51057
5.15374 -9.29776 -9.29776
5.96091 -9.04827 -9.04827
6.74455 -8.76307 -8.76307
7.50158 -8.44328 -8.44328
8.22899 -8.09017 -8.09017
8.92394 -7.70513 -7.70513
9.58366 -7.28969 -7.28969
10.2056 -6.84547 -6.84547
10.7872 -6.37424 -6.37424
11.3262 -5.87785 -5.87785
11.8206 -5.35827 -5.35827
12.2683 -4.81754 -4.81754
12.6676 -4.25779 -4.25779
13.0169 -3.68125 -3.68125
13.3148 -3.09017 -3.09017
13.5602 -2.4869 -2.4869
13.752 -1.87381 -1.87381
13.8896 -1.25333 -1.25333
13.9724 -0.627905 -0.627905
