12 0 0
11.9763 0.502324 0.188372
11.9054 1.00267 0.376
11.7874 1.49905 0.562144
11.623 1.98952 0.74607
11.4127 2.47214 0.927051
11.1573 2.945 1.10437
10.8579 3.40623 1.27734
10.5157 3.85403 1.44526
10.1319 4.28661 1.60748
9.7082 4.70228 1.76336
9.24616 5.09939 1.91227
8.74762 5.47638 2.05364
8.21457 5.83175 2.18691
7.64909 6.16411 2.31154
7.05342 6.47214 2.42705
6.42992 6.75462 2.53298
5.78104 7.01045 2.62892
5.10935 7.23862 2.71448
4.41749 7.43821 2.78933
3.7082 7.60845 2.85317
2.98428 7.74867 2.90575
2.24858 7.8583 2.94686
1.504 7.93692 2.97634
0.753486 7.98421 2.99408
7.34788e-16 8 3
-0.753486 7.98421 2.99408
-1.504 7.93692 2.97634
-2.24858 7.8583 2.94686
-2.98428 7.74867 2.90575
-3.7082 7.60845 2.85317
-4.41749 7.43821 2.78933
-5.10935 7.23862 2.71448
-5.78104 7.01045 2.62892
-6.42992 6.75462 2.53298
-7.05342 6.47214 2.42705
-7.64909 6.16411 2.31154
-8.21457 5.83175 2.18691
-8.74762 5.47638 2.05364
-9.24616 5.09939 1.91227
-9.7082 4.70228 1.76336
-10.1319 4.28661 1.60748
-10.5157 3.85403 1.44526
-10.8579 3.40623 1.27734
-11.1573 2.945 1.10437
-11.4127 2.47214 0.927051
-11.623 1.98952 0.74607
-11.7874 1.49905 0.562144
-11.9054 1.00267 0.376
-11.9763 0.502324 0.188372
-12 9.79717e-16 3.67394e-16
-11.9763 -0.502324 -0.188372
-11.9054 -1.00267 -0.376
-11.7874 -1.49905 -0.562144
-11.623 -1.98952 -0.74607
-11.4127 -2.47214 -0.927051
-11.1573 -2.945 -1.10437
-10.8579 -3.40623 -1.27734
-10.5157 -3.85403 -1.44526
-10.1319 -4.28661 -1.60748
-9.7082 -4.70228 -1.76336
-9.24616 -5.09939 -1.91227
-8.74762 -5.47638 -2.05364
-8.21457 -5.83175 -2.18691
-7.64909 -6.16411 -2.31154
-7.05342 -6.47214 -2.42705
-6.42992 -6.75462 -2.53298
-5.78104 -7.01045 -2.62892
-5.10935 -7.23862 -2.71448
-4.41749 -7.43821 -2.78933
-3.7082 -7.60845 -2.85317
-2.98428 -7.74867 -2.90575
-2.24858 -7.8583 -2.94686
-1.504 -7.93692 -2.97634
-0.753486 -7.98421 -2.99408
-2.20436e-15 -8 -3
0.753486 -7.98421 -2.99408
1.504 -7.93692 -2.97634
2.24858 -7.8583 -2.94686
2.98428 -7.74867 -2.90575
3.7082 -7.60845 -2.85317
4.41749 -7.43821 -2.78933
5.10935 -7.23862 -2.71448
5.78104 -7.01045 -2.62892
6.42992 -6.75462 -2.53298
7.05342 -6.47214 -2.42705
7.64909 -6.16411 -2.31154
8.21457 -5.83175 -2.18691
8.74762 -5.47638 -2.05364
9.24616 -5.09939 -1.91227
9.7082 -4.70228 -1.76336
10.1319 -4.28661 -1.60748
10.5157 -3.85403 -1.44526
10.8579 -3.40623 -1.27734
11.1573 -2.945 -1.10437
11.4127 -2.47214 -0.927051
11.623 -1.98952 -0.74607
11.7874 -1.49905 -0.562144
11.9054 -1.00267 -0.376
11.9763 -0.502324 -0.188372
